64
1160 1389 1290 1006 1158 1285 1426 1280 1127 1192 1270 1249 1136 1254 1129 1156 1153 978 1203 1028 1229 1172 1302 1329 1163 883 1049 1216 1136 1302 1181 1398 1210 963 1303 919 1062 1053 1167 1070 1094 1269 1120 1415 1142 1070 1277 1238 1204 1108 1106 1205 920 1155 958 991 1263 947 1072 1148 1321 1125 1186 1288 
1254 1379 1458 1176 1437 1454 1438 1409 1398 1195 1483 1332 1329 1420 1275 1320 1316 1296 1355 1128 1358 1307 1336 1519 1182 1153 1256 1359 1248 1403 1341 1578 1196 1202 1453 1004 1094 1275 1401 1411 1426 1398 1270 1328 1206 1186 1276 1311 1427 1276 1162 1441 1170 1204 1054 1157 1590 1247 1350 1202 1380 1291 1454 1502 
1201 1331 1437 1188 1188 1338 1453 1404 1435 1223 1486 1345 1223 1342 1128 1305 1249 1189 1287 1053 1333 1188 1359 1469 1276 1071 1152 1281 1260 1181 1193 1522 1180 1099 1428 1085 1166 1246 1293 1232 1372 1339 1343 1164 1073 1109 1340 1224 1266 1222 1213 1331 1027 1100 992 1182 1501 1212 1292 1205 1355 1220 1386 1341 
1142 1228 1344 1164 1283 1430 1381 1428 1250 1207 1380 1249 1227 1356 1038 1212 1294 1124 1318 964 1208 1149 1450 1416 1104 1135 1366 1294 1221 1305 1339 1457 1157 1061 1371 1051 1123 1362 1369 1224 1348 1193 1206 1390 1078 1087 1413 1317 1377 1180 1212 1353 1087 1204 1094 1167 1323 1239 1262 1189 1322 1195 1286 1383 
1553 1700 1740 1457 1577 1835 1880 1768 1757 1552 1803 1631 1552 1578 1412 1469 1629 1610 1680 1330 1579 1444 1635 1884 1578 1344 1629 1734 1569 1650 1606 1895 1535 1385 1700 1403 1486 1681 1637 1617 1717 1732 1730 1678 1398 1364 1682 1602 1827 1512 1446 1720 1324 1596 1344 1436 1896 1484 1764 1573 1651 1460 1485 1680 
1306 1283 1420 1287 1466 1514 1576 1561 1425 1333 1738 1400 1380 1499 1342 1427 1458 1271 1348 1082 1416 1376 1396 1562 1350 1206 1349 1429 1276 1464 1370 1520 1291 1380 1463 1201 1233 1377 1411 1452 1418 1451 1498 1432 1168 1219 1521 1434 1507 1247 1277 1535 1092 1263 1111 1316 1594 1136 1560 1368 1477 1255 1500 1383 
1311 1341 1414 1078 1384 1500 1456 1485 1371 1325 1584 1461 1281 1427 1241 1353 1259 1276 1399 972 1484 1392 1338 1426 1236 1190 1408 1315 1362 1340 1435 1636 1269 1173 1528 1097 1291 1349 1361 1235 1406 1387 1357 1311 1268 1094 1390 1507 1461 1237 1248 1425 1048 1225 998 1293 1567 1234 1279 1260 1326 1247 1333 1350 
1322 1446 1508 1338 1347 1535 1664 1371 1577 1400 1536 1406 1461 1417 1204 1246 1465 1377 1417 1176 1364 1287 1370 1581 1438 1211 1441 1527 1203 1401 1290 1734 1301 1170 1627 1236 1202 1364 1532 1330 1430 1382 1520 1543 1265 1303 1416 1365 1501 1333 1365 1588 1245 1287 1227 1223 1584 1287 1464 1293 1387 1360 1447 1522 
999 1182 1141 944 1082 1213 1370 1234 1144 1153 1367 1157 1035 1132 1162 1157 1106 976 1212 967 1284 1136 1147 1305 1087 1044 1071 1164 1116 1151 1180 1359 1063 1068 1225 1028 1097 1149 1236 1004 1233 1139 1117 1203 1027 982 1133 1168 1176 1126 1101 1312 952 1061 919 1170 1283 1033 1171 1137 1202 979 1116 1158 
1208 1197 1313 1216 1298 1336 1205 1322 1360 1265 1468 1328 1343 1199 1156 1165 1319 1245 1194 1052 1258 1288 1173 1320 1304 909 1318 1360 1094 1232 1284 1444 1185 1081 1306 1206 1154 1157 1297 1131 1263 1303 1280 1342 1111 1200 1307 1401 1373 1209 1203 1436 1052 1027 1174 1053 1461 960 1256 1199 1184 1134 1212 1361 
1158 1145 1271 1059 1121 1224 1327 1321 1237 1150 1285 1242 1304 1246 1193 1198 1295 1203 1170 986 1099 1089 1170 1209 1160 970 1230 1185 1058 1124 1140 1332 986 963 1343 1075 1094 1148 1211 1144 1237 1269 1143 1244 1102 1036 1269 1170 1174 1129 1207 1266 994 1057 938 1001 1298 990 1288 1090 1156 1152 1223 1227 
1650 1823 1793 1556 1668 1861 1830 1958 1705 1720 1823 1703 1690 1721 1714 1720 1826 1687 1579 1377 1638 1559 1788 1934 1549 1308 1689 1799 1513 1774 1806 1999 1627 1533 1736 1440 1489 1653 1721 1635 1774 1791 1748 1712 1483 1602 1814 1736 1892 1597 1582 1925 1490 1614 1411 1399 1950 1484 1558 1601 1763 1688 1664 1878 
1297 1354 1441 1165 1370 1665 1470 1507 1341 1169 1382 1452 1307 1461 1233 1328 1300 1362 1319 1119 1431 1235 1261 1435 1276 1140 1291 1417 1290 1221 1308 1669 1231 1191 1353 1147 1293 1369 1431 1353 1432 1288 1316 1325 1158 1137 1339 1316 1449 1186 1177 1469 1171 1213 1102 1130 1534 1260 1369 1307 1305 1215 1303 1448 
1366 1445 1362 1067 1454 1623 1443 1583 1359 1322 1580 1608 1522 1409 1148 1396 1396 1333 1428 1092 1312 1395 1353 1708 1502 963 1513 1468 1311 1424 1483 1834 1345 1193 1419 1212 1296 1469 1442 1360 1525 1404 1323 1239 1288 1247 1519 1428 1454 1225 1164 1422 1244 1167 1089 1253 1772 1244 1317 1376 1328 1484 1478 1415 
1180 1139 1301 1156 1283 1451 1353 1307 1266 1186 1401 1348 1299 1347 1131 1235 1258 1116 1231 985 1290 1247 1366 1418 1139 954 1292 1292 1205 1361 1275 1488 1174 1150 1319 1051 1207 1083 1350 1231 1220 1239 1181 1358 1136 1171 1408 1261 1262 1122 1183 1336 995 1056 1041 1126 1421 1110 1303 995 1299 1088 1346 1402 
1240 1187 1226 1030 1116 1317 1239 1462 1228 1143 1416 1378 1273 1231 1064 1111 1230 1264 1191 999 1256 1308 1230 1331 1144 919 1294 1223 1162 1245 1175 1419 996 944 1356 969 1133 1175 1243 1154 1207 1210 1194 1163 1164 1086 1262 1258 1271 1142 1137 1361 989 1070 973 1044 1331 1095 1187 1082 1262 1251 1268 1241 
1285 1337 1347 1108 1153 1437 1401 1348 1381 1208 1535 1390 1304 1220 1118 1165 1436 1228 1266 1058 1408 1226 1280 1415 1311 888 1200 1447 1116 1322 1318 1511 1104 1078 1369 1122 1099 1208 1176 1254 1280 1352 1373 1273 1070 1126 1283 1199 1423 1115 1257 1401 1090 1266 944 1229 1357 1237 1339 1236 1287 1150 1264 1414 
1073 1141 1317 914 1005 1303 1261 1256 1216 1076 1231 1100 1070 1236 992 1003 1063 1155 1230 794 1150 1112 1241 1297 1052 956 1246 1189 1083 1212 1178 1250 1074 1039 1216 926 980 1066 1224 1166 1111 1109 1050 1151 958 1076 1189 1176 1204 962 1012 1138 943 1034 970 1066 1254 1105 1085 973 1187 994 1134 1328 
1382 1327 1443 1270 1450 1468 1506 1381 1455 1457 1397 1371 1422 1388 1413 1367 1396 1394 1312 1273 1289 1236 1398 1459 1303 1082 1378 1393 1160 1388 1280 1680 1244 1149 1510 1236 1306 1350 1423 1262 1491 1351 1260 1382 1211 1272 1413 1437 1557 1255 1240 1455 1076 1300 1202 1088 1653 1097 1387 1250 1379 1240 1290 1515 
1155 1345 1249 1105 1136 1348 1406 1319 1307 1228 1447 1337 1243 1074 1185 1118 1340 1165 1311 1035 1258 1104 1151 1332 1200 902 1108 1233 1120 1239 1343 1532 1159 1016 1333 1003 1074 1215 1200 978 1372 1270 1236 1308 1067 1185 1242 1240 1235 1262 1136 1372 1028 1085 1011 1005 1340 1077 1120 1143 1202 1186 1062 1429 
1400 1413 1546 1277 1379 1612 1473 1548 1464 1347 1537 1498 1370 1478 1248 1300 1464 1389 1343 1150 1325 1372 1435 1513 1456 1124 1531 1434 1349 1485 1282 1606 1238 1216 1469 1262 1350 1394 1439 1329 1464 1395 1385 1379 1165 1179 1512 1518 1582 1310 1271 1490 1160 1220 1242 1349 1570 1226 1396 1159 1482 1212 1486 1559 
1230 1443 1426 1149 1294 1424 1479 1463 1314 1285 1594 1371 1196 1285 1237 1268 1309 1326 1309 1020 1337 1186 1232 1428 1238 1087 1210 1328 1185 1229 1326 1562 1161 1170 1377 1052 1152 1190 1236 1122 1295 1333 1448 1378 1129 1220 1313 1306 1314 1170 1074 1340 987 1240 987 1069 1388 1200 1250 1328 1422 1293 1283 1424 
1333 1354 1352 1089 1253 1600 1512 1486 1307 1198 1394 1441 1336 1448 1217 1215 1385 1377 1268 1082 1434 1389 1383 1497 1316 1084 1339 1367 1275 1381 1395 1525 1192 1177 1417 1108 1243 1220 1365 1435 1367 1433 1293 1274 1207 1088 1403 1333 1501 1084 1191 1447 1167 1134 1116 1226 1589 1191 1384 1229 1375 1314 1347 1342 
1188 1279 1239 1053 1086 1289 1271 1218 1209 1168 1243 1207 1271 1188 1067 1130 1207 1168 1123 1007 1146 1109 1120 1310 1335 937 1164 1384 1072 1270 1255 1376 1135 910 1354 964 1057 1068 1097 1165 1118 1301 1208 1157 1041 1034 1241 1158 1226 1116 1090 1255 1060 1093 876 999 1383 1132 1137 1101 1248 1166 1179 1338 
1148 1260 1240 1127 1264 1409 1454 1285 1291 1181 1338 1251 1246 1158 1070 1094 1142 1234 1250 1009 1166 1096 1229 1361 1159 1046 1279 1322 1185 1346 1327 1516 1032 1070 1304 991 1104 1210 1294 1160 1358 1295 1262 1291 1102 1188 1305 1251 1257 1140 1074 1297 1018 1175 1038 1099 1419 1166 1206 1098 1280 1078 1227 1480 
1199 1256 1199 1138 1236 1261 1463 1364 1284 1202 1454 1254 1272 1274 1189 1206 1187 1060 1282 1076 1252 1247 1252 1426 1326 1032 1173 1271 1212 1418 1325 1345 1209 983 1347 1004 1070 1299 1358 1147 1289 1225 1299 1471 1102 1152 1333 1391 1298 1228 1287 1501 1094 1226 1002 1177 1323 1117 1264 1224 1375 1222 1313 1281 
1317 1253 1366 1234 1378 1381 1428 1452 1333 1256 1495 1251 1388 1288 1256 1271 1379 1335 1262 1105 1331 1308 1318 1370 1200 1060 1294 1426 1222 1315 1351 1423 1231 1058 1378 997 1175 1257 1403 1310 1446 1379 1305 1364 1255 1209 1404 1407 1456 1183 1128 1547 1162 1227 1151 1240 1362 1149 1282 1309 1204 1195 1331 1438 
1118 1198 1204 1159 1113 1420 1373 1246 1153 1121 1314 1209 1228 1159 1085 1165 1275 1172 1100 1004 1197 1195 1215 1443 1146 920 1172 1390 1150 1274 1270 1376 1150 1031 1232 1010 1103 1095 1297 1150 1165 1192 1210 1373 1075 1088 1384 1293 1243 1001 1114 1418 1045 1134 969 1121 1266 1044 1183 1014 1264 1056 1251 1314 
1335 1506 1578 1275 1302 1585 1650 1529 1599 1396 1571 1437 1371 1518 1326 1401 1355 1371 1482 1144 1410 1356 1418 1608 1348 1185 1341 1444 1444 1512 1326 1698 1355 1117 1475 1185 1252 1343 1382 1346 1462 1435 1452 1483 1347 1278 1438 1443 1449 1325 1290 1463 1073 1279 1082 1292 1656 1346 1325 1351 1462 1409 1318 1491 
1295 1491 1457 1137 1329 1650 1624 1554 1320 1211 1511 1478 1348 1436 1244 1244 1373 1302 1342 1147 1449 1234 1372 1448 1311 1133 1263 1457 1268 1266 1372 1572 1195 1169 1430 1138 1270 1361 1291 1174 1280 1404 1347 1425 1114 1199 1242 1233 1413 1178 1319 1375 1199 1273 1175 1122 1485 1215 1453 1216 1459 1171 1316 1588 
1271 1055 1384 1136 1253 1203 1362 1413 1267 1148 1358 1265 1202 1403 1203 1233 1188 1076 1252 1028 1238 1205 1395 1342 1012 1041 1154 1292 1203 1264 1120 1366 1198 1032 1239 1018 1142 1191 1360 1234 1270 1133 1099 1317 1144 1109 1332 1294 1119 1165 1259 1413 926 1040 966 1055 1294 1017 1184 1195 1263 1207 1275 1233 
1381 1529 1497 1197 1460 1583 1571 1630 1460 1182 1498 1584 1479 1545 1343 1287 1500 1472 1376 1158 1442 1265 1376 1520 1211 1166 1473 1384 1189 1408 1411 1677 1207 1276 1600 1143 1297 1456 1421 1443 1518 1483 1432 1382 1295 1266 1408 1307 1563 1273 1339 1513 1234 1265 1228 1118 1646 1303 1480 1286 1417 1442 1464 1675 
1158 1115 1196 1055 1102 1346 1331 1400 1186 1002 1278 1263 1376 1269 1056 1094 1110 1098 1120 860 1220 1046 1107 1251 1129 931 1168 1192 1117 1141 1035 1403 1145 907 1148 989 1172 1188 1269 1149 1280 1165 1134 1203 1107 1118 1223 1171 1135 1096 1121 1396 1051 1070 982 985 1318 1121 1178 1113 1122 1151 1012 1214 
1289 1262 1386 1095 1267 1530 1339 1487 1284 1156 1479 1474 1341 1384 1182 1182 1312 1327 1248 985 1409 1309 1383 1479 1165 950 1339 1431 1193 1398 1254 1578 1246 1112 1363 1050 1181 1210 1378 1341 1309 1343 1350 1226 1143 1186 1502 1338 1417 1006 1198 1387 997 1175 1023 1215 1532 1180 1163 1195 1292 1248 1172 1406 
1120 1372 1476 1180 1239 1400 1374 1429 1238 1228 1419 1293 1296 1331 1164 1180 1294 1270 1228 1026 1189 1305 1325 1400 1191 1073 1339 1435 1174 1369 1219 1535 1207 1044 1354 1041 1187 1229 1286 1140 1193 1224 1358 1345 1114 1220 1372 1222 1261 1061 1162 1321 959 1217 1002 1106 1520 1174 1220 978 1428 1284 1350 1463 
1112 1185 1090 1005 1013 1348 1363 1087 1073 1104 1026 1047 1099 1099 1092 1045 1154 991 1198 1002 1237 965 1268 1331 1091 985 997 1139 1028 1174 1148 1361 1060 926 1202 887 1054 1207 1197 1036 1191 1149 1074 1207 891 938 1137 1093 1221 1022 1108 1195 1036 1063 988 1012 1339 1020 1133 991 1185 1062 1117 1177 
1287 1403 1568 1253 1396 1543 1561 1530 1538 1275 1539 1444 1332 1328 1271 1302 1391 1355 1337 1122 1266 1249 1384 1734 1399 1096 1361 1416 1383 1263 1327 1567 1287 1109 1421 1259 1137 1324 1492 1378 1562 1496 1256 1446 1263 1323 1530 1404 1444 1329 1300 1418 1233 1246 1237 1156 1556 1268 1369 1282 1420 1148 1269 1537 
1167 1210 1245 946 1258 1348 1273 1337 1102 1110 1176 1258 1192 1206 1093 1120 1163 1158 1179 1001 1053 1152 1178 1296 1157 945 1235 1232 1169 1093 1179 1426 1069 1026 1296 1091 1138 1217 1242 987 1199 1127 1141 1246 1040 987 1218 1269 1306 1044 1102 1217 1014 1148 1059 979 1385 866 1180 1102 1250 1016 1170 1262 
1360 1464 1490 1217 1524 1671 1587 1473 1440 1467 1589 1498 1423 1452 1341 1411 1423 1334 1433 1191 1373 1290 1433 1602 1452 1141 1528 1456 1320 1540 1447 1836 1317 1313 1552 1207 1315 1427 1381 1326 1525 1479 1351 1400 1203 1361 1380 1431 1540 1354 1319 1464 1222 1263 1188 1217 1746 1245 1498 1315 1450 1286 1405 1615 
1329 1279 1304 1270 1219 1489 1480 1463 1329 1227 1431 1443 1354 1338 1203 1313 1323 1244 1270 1021 1276 1233 1340 1550 1355 1030 1327 1341 1340 1350 1357 1517 1194 1066 1341 1031 1247 1420 1437 1216 1415 1366 1281 1336 1088 1215 1402 1398 1402 1269 1256 1532 1192 1164 1074 1104 1469 1183 1261 1147 1188 1212 1317 1380 
1274 1337 1365 1183 1371 1639 1534 1457 1321 1296 1598 1381 1406 1333 1076 1128 1444 1303 1271 1081 1496 1385 1434 1627 1246 1093 1524 1507 1347 1290 1390 1499 1230 1268 1425 1101 1305 1310 1362 1295 1279 1434 1464 1405 1160 1164 1458 1404 1448 1309 1291 1555 1195 1192 1225 1169 1489 1184 1522 1468 1287 1312 1222 1457 
1343 1390 1354 1167 1226 1537 1428 1469 1297 1261 1546 1366 1433 1345 1183 1309 1395 1249 1271 1098 1364 1414 1380 1475 1296 1039 1298 1384 1355 1357 1304 1519 1292 1035 1417 980 1202 1313 1200 1291 1199 1360 1382 1393 1250 1041 1448 1361 1376 1267 1240 1451 1128 1142 1077 1094 1559 1154 1352 1298 1405 1362 1360 1377 
1221 1330 1231 1183 1200 1460 1485 1391 1225 1261 1446 1397 1259 1207 1202 1273 1405 1244 1189 1088 1265 1162 1186 1423 1256 1155 1175 1420 1224 1199 1313 1601 1222 1005 1293 1079 1296 1224 1424 1063 1327 1198 1239 1450 1116 1135 1330 1268 1299 1147 1219 1516 1090 1293 1082 1127 1240 1222 1201 1235 1354 1233 1151 1362 
1374 1284 1286 1086 1327 1409 1575 1397 1378 1128 1455 1460 1373 1278 1300 1160 1281 1217 1269 1164 1365 1143 1218 1411 1286 1010 1241 1260 1148 1382 1171 1561 1273 1131 1376 986 1127 1224 1460 1171 1410 1245 1300 1397 1085 1309 1229 1329 1370 1239 1145 1543 1196 1180 1184 1174 1445 1092 1255 1153 1421 1133 1206 1564 
1215 1249 1348 1108 1223 1437 1388 1286 1354 1216 1337 1266 1189 1250 1181 1308 1280 1231 1173 1027 1255 1203 1215 1434 1245 1099 1160 1273 1291 1140 1214 1550 1105 992 1323 1146 1054 1215 1254 1141 1322 1208 1210 1182 1046 1005 1342 1288 1178 1149 1205 1316 1114 1030 970 1115 1466 1219 1233 1147 1299 1167 1283 1353 
1498 1684 1541 1255 1384 1867 1776 1703 1581 1495 1688 1712 1476 1557 1366 1494 1646 1584 1459 1224 1526 1405 1539 1755 1553 1165 1456 1666 1403 1557 1585 1975 1418 1314 1563 1263 1422 1459 1567 1456 1616 1540 1564 1499 1230 1393 1583 1422 1628 1273 1425 1678 1394 1356 1234 1342 1741 1521 1481 1403 1668 1433 1484 1715 
1167 1322 1401 1072 1333 1443 1350 1322 1363 1267 1324 1304 1368 1366 1162 1262 1096 1286 1335 1044 1317 1194 1284 1525 1212 1077 1249 1358 1195 1275 1319 1495 1137 1010 1400 1065 1129 1251 1309 1248 1391 1342 1155 1301 1162 1197 1286 1304 1296 1212 1231 1294 1172 1163 1064 1103 1508 1230 1285 1252 1336 1174 1322 1394 
1248 1315 1286 1047 1274 1365 1395 1331 1361 1139 1389 1379 1213 1348 1159 1183 1310 1127 1274 997 1335 1252 1269 1520 1231 1121 1323 1335 1128 1313 1325 1462 1135 1137 1486 935 981 1215 1325 1309 1365 1400 1270 1273 1117 1082 1209 1240 1447 1204 1192 1335 1177 1120 1096 1151 1440 1026 1343 1265 1197 1171 1425 1337 
1343 1280 1387 1025 1346 1603 1423 1407 1309 1205 1345 1311 1170 1365 1194 1212 1227 1345 1318 1035 1302 1234 1283 1498 1181 1133 1263 1310 1336 1167 1256 1534 1152 1112 1420 1072 1177 1267 1276 1201 1351 1330 1300 1270 1033 1006 1311 1320 1389 1079 1081 1242 1082 1182 983 1091 1423 1204 1245 1279 1249 1179 1276 1351 
1152 1247 1261 1010 1208 1301 1260 1177 1235 1080 1291 1155 1119 1206 1080 1073 1119 1143 1190 995 1196 1174 1192 1159 1024 1040 1203 1243 1004 1222 1183 1399 1055 1064 1368 875 1046 1100 1181 1195 1085 1188 1110 1259 1074 1007 1174 1209 1282 1026 1036 1202 867 1035 962 1044 1319 924 1198 1044 1236 974 1176 1414 
1120 1214 1222 1055 1182 1175 1300 1243 1301 1141 1375 1235 1207 1179 1227 1121 1347 1174 960 1020 1278 1196 1172 1271 1034 961 1078 1163 980 1182 1091 1310 1124 1004 1292 971 969 1037 1174 1164 1203 1314 1260 1208 1022 1084 1193 1156 1339 1075 1128 1374 1015 983 966 1046 1364 982 1250 1038 1212 1113 1203 1288 
1273 1289 1285 1192 1408 1513 1466 1412 1408 1211 1543 1510 1368 1272 1191 1191 1404 1274 1337 1107 1330 1302 1271 1591 1255 1044 1491 1373 1205 1456 1264 1695 1113 1120 1431 1047 1245 1397 1481 1301 1474 1202 1367 1388 1252 1232 1479 1356 1476 1364 1281 1561 1111 1229 1110 1209 1543 1148 1465 1121 1388 1174 1414 1500 
1083 1377 1338 1148 1249 1369 1392 1267 1332 1280 1286 1241 1288 1300 1098 1239 1238 1081 1346 1044 1185 1136 1275 1428 1230 1066 1251 1263 1149 1244 1421 1494 1229 1060 1483 1097 1099 1195 1347 1220 1312 1321 1280 1440 1068 1102 1281 1314 1383 1086 1299 1320 1095 1190 1171 1191 1511 1139 1271 1227 1326 1201 1279 1402 
1131 1219 1162 1089 1171 1414 1409 1300 1309 1222 1411 1256 1306 1230 1050 1079 1341 1202 1136 946 1280 1360 1288 1413 1110 1242 1184 1302 1196 1250 1241 1554 1120 1038 1337 903 1154 1117 1329 1239 1302 1295 1267 1317 1052 1037 1334 1230 1338 1138 1111 1319 1123 1059 930 1081 1393 1178 1220 1176 1323 1242 1377 1231 
1244 1280 1320 1177 1328 1520 1400 1408 1285 1232 1391 1270 1475 1389 1214 1241 1252 1214 1362 1081 1269 1142 1259 1410 1220 1016 1332 1424 1036 1390 1297 1571 1260 1090 1412 1028 1133 1357 1348 1215 1287 1221 1272 1252 1161 1201 1212 1281 1399 1165 1099 1415 1170 1101 1091 1058 1558 1134 1306 1193 1225 1223 1352 1440 
1281 1412 1415 1177 1298 1473 1434 1627 1310 1169 1566 1433 1285 1290 1214 1321 1353 1244 1322 903 1345 1095 1353 1657 1300 937 1286 1336 1187 1342 1364 1596 1266 1223 1348 1031 1096 1290 1429 1303 1532 1345 1395 1226 1121 1394 1456 1266 1363 1237 1085 1468 1183 1201 1063 1182 1378 1208 1107 1242 1338 1323 1405 1477 
1152 1324 1380 1187 1245 1396 1284 1332 1434 1118 1371 1409 1293 1411 1165 1261 1149 1362 1317 1082 1304 1163 1214 1382 1155 1086 1164 1274 1084 1227 1292 1594 1054 1057 1466 1001 1113 1239 1337 1309 1342 1269 1237 1199 1100 1118 1267 1181 1330 1076 1115 1314 1042 1093 1017 1102 1533 1220 1323 1121 1327 1225 1402 1446 
1431 1573 1572 1299 1531 1563 1617 1572 1654 1495 1741 1561 1457 1404 1328 1370 1576 1414 1419 1256 1548 1470 1529 1635 1343 1159 1377 1562 1289 1534 1443 1826 1336 1290 1618 1243 1303 1370 1412 1402 1551 1544 1577 1567 1296 1385 1544 1485 1565 1368 1470 1582 1167 1456 1253 1281 1641 1282 1393 1515 1572 1396 1398 1696 
1152 1166 1356 1099 1298 1434 1468 1316 1173 1187 1324 1267 1331 1374 1339 1242 1380 1159 1288 1024 1270 1116 1286 1340 1152 1097 1289 1295 1138 1247 1257 1548 1192 1100 1360 1075 1227 1196 1437 1391 1385 1281 1138 1392 1189 1112 1386 1201 1355 1017 1219 1376 1086 1162 1047 1239 1385 1117 1303 1071 1267 1151 1323 1344 
985 1143 1143 915 1047 1231 1239 1238 1251 1052 1201 1212 999 1195 951 963 1048 969 1139 869 1078 1051 1191 1301 1157 968 1155 1066 1100 1204 1128 1385 976 1029 1179 1013 907 1089 1121 1044 1193 1080 1122 1083 876 1018 1074 1106 1181 992 1083 1134 945 936 954 1071 1307 960 1060 1152 1229 1073 1041 1139 
1267 1448 1356 1197 1335 1510 1588 1522 1481 1363 1613 1451 1377 1335 1161 1294 1367 1315 1271 1067 1434 1346 1355 1586 1281 1154 1293 1341 1345 1403 1251 1596 1292 1044 1445 1092 1205 1367 1452 1207 1425 1427 1545 1533 1086 1210 1450 1439 1475 1237 1342 1582 1197 1395 1148 1335 1558 1349 1473 1277 1464 1267 1299 1418 
1316 1280 1203 937 1133 1459 1405 1304 1282 1248 1303 1345 1291 1294 1074 1134 1272 1362 1165 936 1220 1211 1212 1491 1254 968 1249 1311 1121 1236 1147 1401 1124 938 1281 969 1097 1244 1327 1066 1246 1239 1231 1276 978 1068 1290 1265 1391 1090 1079 1339 1235 1098 1044 1026 1318 1224 1179 1187 1144 1176 1167 1294 
1104 1157 1296 1117 1212 1422 1482 1197 1309 1260 1367 1237 1169 1279 1171 1159 1318 1247 1196 994 1236 1182 1243 1338 1156 1190 1153 1274 1146 1307 1191 1463 1135 1080 1331 959 1119 1169 1335 1181 1322 1162 1260 1300 1015 1078 1351 1269 1316 1045 1183 1311 954 1088 955 1135 1403 1110 1289 1171 1280 1080 1155 1250 
1037 1233 1199 952 1166 1274 1366 1240 1164 1221 1325 1194 1159 1127 1076 1020 1185 1124 1076 874 1190 991 1132 1246 1104 880 1232 1122 992 1094 1072 1318 1064 978 1264 983 1042 1099 1205 1007 1181 1211 1289 1170 945 1120 1216 1218 1326 1066 1080 1269 924 1064 891 1126 1350 946 1180 1091 1036 1001 1022 1257 
